Z=0.020000 Y=0.282000 OS=0.000000 l/Hp=0.000000 [Fe/H]= 0.000000 [Alpha/Fe]= 0.000000
  M/Msun     logT  logL/Ls   logg    Mv     U-B    B-V    V-R    V-I    V-J    V-H    V-K    V-L    V-M     #(x=-1)    #(x=1.35)    #(x=3)
age(Gyr)= 0.002500  4 points
 0.700000  3.584590  0.000000  3.868714  7.054286  0.000000  0.000000  0.759184  2.020000  3.311834  4.111509  4.234019  0.000000  0.000000  0.000000  0.000000  0.000000
 0.800000  3.606933  0.000000  3.910321  6.233396  0.000000  0.000000  0.770000  1.636981  2.610058  3.358832  3.471420  0.000000  0.000000  0.000000  0.000000  0.000000
 0.900000  3.621505  0.000000  3.931151  5.817358  0.000000  0.000000  0.749057  1.485283  2.352775  3.067061  3.169119  0.000000  0.000000  0.000000  0.000000  0.000000
 1.000000  3.632693  0.000000  3.941813  5.495833  0.000000  0.000000  0.729583  1.389167  2.217057  2.895432  2.985970  0.000000  0.000000  0.000000  0.000000  0.000000

age(Gyr)= 0.003200  4 points
 0.700000  3.583602  0.000000  3.934216  7.215795  0.000000  0.000000  0.770682  2.010000  3.912490  4.594729  4.686506  0.000000  0.000000  0.000000  0.000000  0.000000
 0.800000  3.605305  0.000000  3.976000  6.470000  0.000000  0.000000  0.770000  1.680000  2.694940  3.450882  3.573392  0.000000  0.000000  0.000000  0.000000  0.000000
 0.900000  3.619159  0.000000  3.996179  6.063134  0.000000  0.000000  0.750000  1.528806  2.457806  3.170578  3.282677  0.000000  0.000000  0.000000  0.000000  0.000000
 1.000000  3.631009  0.000000  4.006452  5.714286  0.000000  0.000000  0.730238  1.420238  2.114489  2.825399  2.936922  0.000000  0.000000  0.000000  0.000000  0.000000

age(Gyr)= 0.004000  4 points
 0.700000  3.582261  0.000000  3.993307  7.370341  0.000000  0.000000  0.788864  2.010000  3.298534  4.103062  4.234475  0.000000  0.000000  0.000000  0.000000  0.000000
 0.800000  3.603431  0.000000  4.033831  6.672410  0.000000  0.000000  0.770000  1.708916  2.740991  3.498940  3.621838  0.000000  0.000000  0.000000  0.000000  0.000000
 0.900000  3.617420  0.000000  4.054000  6.260000  0.000000  0.000000  0.760000  1.560000  2.509894  3.232070  3.333116  0.000000  0.000000  0.000000  0.000000  0.000000
 1.000000  3.629846  0.000000  4.064548  5.885714  0.000000  0.000000  0.739762  1.429762  2.294701  2.984527  3.085573  0.000000  0.000000  0.000000  0.000000  0.000000

age(Gyr)= 0.005000  4 points
 0.700000  3.582177  0.000000  4.052882  7.501078  0.000000  0.000000  0.799314  2.010000  3.296557  4.089351  4.220384  0.000000  0.000000  0.000000  0.000000  0.000000
 0.800000  3.600877  0.000000  4.091821  6.890472  0.000000  0.000000  0.779151  1.746604  2.781349  3.551177  3.674598  0.000000  0.000000  0.000000  0.000000  0.000000
 0.900000  3.615962  0.000000  4.109556  6.435926  0.000000  0.000000  0.760000  1.578519  2.500953  3.236966  3.349539  0.000000  0.000000  0.000000  0.000000  0.000000
 1.000000  3.629132  0.000000  4.119804  6.043725  0.000000  0.000000  0.740000  1.449216  2.299339  3.000433  3.091589  0.000000  0.000000  0.000000  0.000000  0.000000

age(Gyr)= 0.006300  4 points
 0.700000  3.581953  0.000000  4.117024  7.637920  0.000000  0.000000  0.809840  2.000160  3.238672  4.026941  4.170057  0.000000  0.000000  0.000000  0.000000  0.000000
 0.800000  3.598108  0.000000  4.150240  7.122960  0.000000  0.000000  0.780000  1.788720  2.871663  3.628988  3.762575  0.000000  0.000000  0.000000  0.000000  0.000000
 0.900000  3.614864  0.000000  4.168015  6.608321  0.000000  0.000000  0.769313  1.598626  2.534517  3.259327  3.372580  0.000000  0.000000  0.000000  0.000000  0.000000
 1.000000  3.629499  0.000000  4.175308  6.185692  0.000000  0.000000  0.749692  1.450000  2.312591  3.002658  3.104034  0.000000  0.000000  0.000000  0.000000  0.000000

age(Gyr)= 0.008000  4 points
 0.700000  3.581505  0.000000  4.180512  7.776744  0.000000  0.000000  0.810000  1.980465  3.214277  3.990854  4.133830  0.000000  0.000000  0.000000  0.000000  0.000000
 0.800000  3.596406  0.000000  4.209953  7.306805  0.000000  0.000000  0.780000  1.799822  2.897684  3.654337  3.787770  0.000000  0.000000  0.000000  0.000000  0.000000
 0.900000  3.614489  0.000000  4.224708  6.763750  0.000000  0.000000  0.770000  1.609583  2.554114  3.278010  3.390683  0.000000  0.000000  0.000000  0.000000  0.000000
 1.000000  3.631530  0.000000  4.230939  6.280563  0.000000  0.000000  0.740000  1.439249  2.081644  2.803292  2.914667  0.000000  0.000000  0.000000  0.000000  0.000000

age(Gyr)= 0.010000  4 points
 0.700000  3.581166  0.000000  4.240608  7.914510  0.000000  0.000000  0.819608  1.980000  3.201129  3.965519  4.117701  0.000000  0.000000  0.000000  0.000000  0.000000
 0.800000  3.596054  0.000000  4.263925  7.447214  0.000000  0.000000  0.789801  1.809801  2.897323  3.653811  3.787481  0.000000  0.000000  0.000000  0.000000  0.000000
 0.900000  3.615513  0.000000  4.276235  6.868469  0.000000  0.000000  0.770000  1.600153  2.543930  3.266936  3.379043  0.000000  0.000000  0.000000  0.000000  0.000000
 1.000000  3.635795  0.000000  4.277887  6.308732  0.000000  0.000000  0.740000  1.401690  2.213611  2.893183  2.984403  0.000000  0.000000  0.000000  0.000000  0.000000

age(Gyr)= 0.013000  4 points
 0.700000  3.581046  0.000000  4.308652  8.057174  0.000000  0.000000  0.830000  1.968696  3.909226  4.592069  4.686582  0.000000  0.000000  0.000000  0.000000  0.000000
 0.800000  3.597094  0.000000  4.323555  7.553628  0.000000  0.000000  0.790000  1.787823  2.523878  3.280716  3.433865  0.000000  0.000000  0.000000  0.000000  0.000000
 0.900000  3.619628  0.000000  4.331036  6.904277  0.000000  0.000000  0.758855  1.551988  2.144729  2.893291  3.022848  0.000000  0.000000  0.000000  0.000000  0.000000
 1.000000  3.645801  0.000000  4.327073  6.231284  0.000000  0.000000  0.724495  1.317890  1.791463  2.471919  2.570602  0.000000  0.000000  0.000000  0.000000  0.000000

age(Gyr)= 0.016000  4 points
 0.700000  3.581153  0.000000  4.360826  8.159658  0.000000  0.000000  0.830000  1.950062  3.114452  3.870882  4.025356  0.000000  0.000000  0.000000  0.000000  0.000000
 0.800000  3.599304  0.000000  4.369655  7.599854  0.000000  0.000000  0.790000  1.759272  2.554356  3.311064  3.465302  0.000000  0.000000  0.000000  0.000000  0.000000
 0.900000  3.626346  0.000000  4.370574  6.857059  0.000000  0.000000  0.749853  1.488088  1.988577  2.732321  2.854358  0.000000  0.000000  0.000000  0.000000  0.000000
 1.000000  3.658695  0.000000  4.360536  6.072929  0.000000  0.000000  0.678286  1.216786  1.588515  2.252286  2.341910  0.000000  0.000000  0.000000  0.000000  0.000000

age(Gyr)= 0.020000  4 points
 0.700000  3.582159  0.000000  4.414069  8.248448  0.000000  0.000000  0.830000  1.930345  3.090050  3.832528  3.996117  0.000000  0.000000  0.000000  0.000000  0.000000
 0.800000  3.604367  0.000000  4.413345  7.590146  0.000000  0.000000  0.790000  1.710728  2.711650  3.456564  3.579699  0.000000  0.000000  0.000000  0.000000  0.000000
 0.900000  3.640214  0.000000  4.408809  6.660980  0.000000  0.000000  0.740049  1.360637  2.164957  2.831973  2.922444  0.000000  0.000000  0.000000  0.000000  0.000000
 1.000000  3.680035  0.000000  4.384345  5.758643  0.000000  0.000000  0.602095  1.073929  1.707431  2.244065  2.303026  0.000000  0.000000  0.000000  0.000000  0.000000

age(Gyr)= 0.025000  4 points
 0.700000  3.584611  0.000000  4.461859  8.298812  0.000000  0.000000  0.830000  1.900713  3.052150  3.782149  3.934561  0.000000  0.000000  0.000000  0.000000  0.000000
 0.800000  3.614562  0.000000  4.452875  7.457255  0.000000  0.000000  0.771036  1.605701  2.536727  3.259854  3.373857  0.000000  0.000000  0.000000  0.000000  0.000000
 0.900000  3.660738  0.000000  4.438123  6.349357  0.000000  0.000000  0.681754  1.204678  1.908276  2.511898  2.592421  0.000000  0.000000  0.000000  0.000000  0.000000
 1.000000  3.713475  0.000000  4.392671  5.280176  0.000000  0.000000  0.504118  0.907000  1.427119  1.856799  1.905510  0.000000  0.000000  0.000000  0.000000  0.000000

age(Gyr)= 0.032000  4 points
 0.700000  3.590345  0.000000  4.508180  8.274098  0.000000  0.000000  0.819344  1.836393  4.395676  4.828263  4.878463  0.000000  0.000000  0.000000  0.000000  0.000000
 0.800000  3.635267  0.000000  4.488179  7.102123  0.000000  0.000000  0.747337  1.421252  1.771592  2.500222  2.631015  0.000000  0.000000  0.000000  0.000000  0.000000
 0.900000  3.694225  0.000000  4.459441  5.845589  0.000000  0.000000  0.566305  1.004088  1.132509  1.714218  1.781877  0.000000  0.000000  0.000000  0.000000  0.000000
 1.000000  3.753172  0.000000  4.429517  4.841673  0.000000  0.000000  0.400101  0.740152  0.707031  1.106709  1.143362  0.000000  0.000000  0.000000  0.000000  0.000000

age(Gyr)= 0.040000  4 points
 0.700000  3.601485  0.000000  4.541904  8.105480  0.000000  0.000000  0.800609  1.733349  2.793230  3.515537  3.645839  0.000000  0.000000  0.000000  0.000000  0.000000
 0.800000  3.662480  0.000000  4.518551  6.643768  0.000000  0.000000  0.678406  1.197246  1.300406  2.031015  2.163169  0.000000  0.000000  0.000000  0.000000  0.000000
 0.900000  3.725292  0.000000  4.495469  5.485312  0.000000  0.000000  0.473926  0.856282  1.331042  1.734495  1.771990  0.000000  0.000000  0.000000  0.000000  0.000000
 1.000000  3.747718  0.000000  4.531112  5.170249  0.000000  0.000000  0.420000  0.769876  1.036513  1.435780  1.472299  0.000000  0.000000  0.000000  0.000000  0.000000

age(Gyr)= 0.050000  4 points
 0.700000  3.621461  0.000000  4.569115  7.732453  0.000000  0.000000  0.761311  1.546226  2.496231  3.184659  3.283243  0.000000  0.000000  0.000000  0.000000  0.000000
 0.800000  3.691363  0.000000  4.552971  6.254275  0.000000  0.000000  0.578768  1.025145  1.586109  2.091892  2.153431  0.000000  0.000000  0.000000  0.000000  0.000000
 0.900000  3.719378  0.000000  4.571825  5.755849  0.000000  0.000000  0.486815  0.883629  1.314490  1.747460  1.796554  0.000000  0.000000  0.000000  0.000000  0.000000
 1.000000  3.747395  0.000000  4.538581  5.186846  0.000000  0.000000  0.420000  0.761577  1.122887  1.479592  1.508897  0.000000  0.000000  0.000000  0.000000  0.000000

age(Gyr)= 0.064000  4 points
 0.700000  3.649784  0.000000  4.606683  7.253205  0.000000  0.000000  0.720000  1.299733  3.218181  3.570308  3.597662  0.000000  0.000000  0.000000  0.000000  0.000000
 0.800000  3.687787  0.000000  4.629021  6.500208  0.000000  0.000000  0.590038  1.040076  1.170829  1.803819  1.883339  0.000000  0.000000  0.000000  0.000000  0.000000
 0.900000  3.717842  0.000000  4.590841  5.829364  0.000000  0.000000  0.499682  0.899682  1.396651  1.822226  1.859221  0.000000  0.000000  0.000000  0.000000  0.000000
 1.000000  3.747112  0.000000  4.539285  5.197147  0.000000  0.000000  0.427147  0.767147  1.077725  1.444512  1.481165  0.000000  0.000000  0.000000  0.000000  0.000000

age(Gyr)= 0.080000  4 points
 0.700000  3.651619  0.000000  4.658455  7.351818  0.000000  0.000000  0.720000  1.291515  2.223094  2.812569  2.885646  0.000000  0.000000  0.000000  0.000000  0.000000
 0.800000  3.684056  0.000000  4.637358  6.583581  0.000000  0.000000  0.605197  1.070393  1.581546  2.138473  2.193590  0.000000  0.000000  0.000000  0.000000  0.000000
 0.900000  3.718255  0.000000  4.589564  5.815635  0.000000  0.000000  0.492818  0.892818  1.269906  1.715461  1.762846  0.000000  0.000000  0.000000  0.000000  0.000000
 1.000000  3.747072  0.000000  4.538369  5.193686  0.000000  0.000000  0.423686  0.770000  1.043228  1.412499  1.453107  0.000000  0.000000  0.000000  0.000000  0.000000

age(Gyr)= 0.100000  4 points
 0.700000  3.643041  0.000000  4.683518  7.573669  0.000000  0.000000  0.739397  1.357890  2.194351  2.840261  2.918548  0.000000  0.000000  0.000000  0.000000  0.000000
 0.800000  3.682942  0.000000  4.638336  6.601678  0.000000  0.000000  0.610000  1.071678  1.614649  2.168279  2.229998  0.000000  0.000000  0.000000  0.000000  0.000000
 0.900000  3.718673  0.000000  4.588388  5.810000  0.000000  0.000000  0.496120  0.890000  1.211734  1.676887  1.721868  0.000000  0.000000  0.000000  0.000000  0.000000
 1.000000  3.747512  0.000000  4.536941  5.184707  0.000000  0.000000  0.420000  0.770000  0.997961  1.379089  1.415741  0.000000  0.000000  0.000000  0.000000  0.000000

age(Gyr)= 0.127000  4 points
 0.700000  3.641554  0.000000  4.681386  7.597426  0.000000  0.000000  0.740000  1.368713  2.349935  2.974864  3.048920  0.000000  0.000000  0.000000  0.000000  0.000000
 0.800000  3.683124  0.000000  4.637071  6.590712  0.000000  0.000000  0.610000  1.070000  1.663591  2.195957  2.255603  0.000000  0.000000  0.000000  0.000000  0.000000
 0.900000  3.718880  0.000000  4.587443  5.804429  0.000000  0.000000  0.494429  0.890000  1.189594  1.649975  1.702114  0.000000  0.000000  0.000000  0.000000  0.000000
 1.000000  3.748436  0.000000  4.535100  5.170996  0.000000  0.000000  0.420000  0.770000  1.149896  1.491309  1.529030  0.000000  0.000000  0.000000  0.000000  0.000000

age(Gyr)= 0.160000  4 points
 0.700000  3.640920  0.000000  4.679166  7.609168  0.000000  0.000000  0.749168  1.379168  2.306116  2.934918  3.020767  0.000000  0.000000  0.000000  0.000000  0.000000
 0.800000  3.683288  0.000000  4.635325  6.590000  0.000000  0.000000  0.610000  1.070000  1.614019  2.167038  2.230383  0.000000  0.000000  0.000000  0.000000  0.000000
 0.900000  3.718845  0.000000  4.586133  5.800000  0.000000  0.000000  0.498667  0.890000  1.337021  1.764578  1.813393  0.000000  0.000000  0.000000  0.000000  0.000000
 1.000000  3.749380  0.000000  4.534288  5.155758  0.000000  0.000000  0.420000  0.762879  1.063079  1.419112  1.458854  0.000000  0.000000  0.000000  0.000000  0.000000

age(Gyr)= 0.200000  4 points
 0.700000  3.640798  0.000000  4.677365  7.601823  0.000000  0.000000  0.741823  1.371823  2.443683  3.040581  3.121111  0.000000  0.000000  0.000000  0.000000  0.000000
 0.800000  3.683374  0.000000  4.633732  6.583661  0.000000  0.000000  0.610000  1.070000  1.505899  2.076858  2.146761  0.000000  0.000000  0.000000  0.000000  0.000000
 0.900000  3.718888  0.000000  4.584684  5.793419  0.000000  0.000000  0.493419  0.883419  1.231592  1.687846  1.731838  0.000000  0.000000  0.000000  0.000000  0.000000
 1.000000  3.749883  0.000000  4.533051  5.140514  0.000000  0.000000  0.410514  0.750514  1.149048  1.487269  1.523922  0.000000  0.000000  0.000000  0.000000  0.000000

age(Gyr)= 0.255000  4 points
 0.700000  3.640779  0.000000  4.675484  7.600000  0.000000  0.000000  0.740000  1.370000  2.528231  3.114206  3.191521  0.000000  0.000000  0.000000  0.000000  0.000000
 0.800000  3.683497  0.000000  4.632922  6.579611  0.000000  0.000000  0.609611  1.070000  1.176655  1.838092  1.927152  0.000000  0.000000  0.000000  0.000000  0.000000
 0.900000  3.719010  0.000000  4.583437  5.790000  0.000000  0.000000  0.495633  0.885633  1.187767  1.652288  1.704360  0.000000  0.000000  0.000000  0.000000  0.000000
 1.000000  3.750152  0.000000  4.532156  5.140000  0.000000  0.000000  0.418444  0.758444  1.114781  1.460276  1.489536  0.000000  0.000000  0.000000  0.000000  0.000000

age(Gyr)= 0.335000  4 points
 0.700000  3.640778  0.000000  4.673964  7.599821  0.000000  0.000000  0.749821  1.379821  3.615314  3.954637  3.981517  0.000000  0.000000  0.000000  0.000000  0.000000
 0.800000  3.683497  0.000000  4.631239  6.571196  0.000000  0.000000  0.601196  1.070000  1.628048  2.177114  2.237798  0.000000  0.000000  0.000000  0.000000  0.000000
 0.900000  3.719151  0.000000  4.581349  5.781744  0.000000  0.000000  0.491744  0.881744  1.308562  1.749983  1.790379  0.000000  0.000000  0.000000  0.000000  0.000000
 1.000000  3.750442  0.000000  4.529858  5.129288  0.000000  0.000000  0.410000  0.750000  0.773134  1.188869  1.224758  0.000000  0.000000  0.000000  0.000000  0.000000

age(Gyr)= 0.400000  4 points
 0.700000  3.640710  0.000000  4.672597  7.592983  0.000000  0.000000  0.742983  1.372983  2.616782  3.183769  3.247341  0.000000  0.000000  0.000000  0.000000  0.000000
 0.800000  3.683421  0.000000  4.630154  6.570000  0.000000  0.000000  0.608463  1.070000  1.617946  2.162206  2.223622  0.000000  0.000000  0.000000  0.000000  0.000000
 0.900000  3.719307  0.000000  4.580149  5.780000  0.000000  0.000000  0.490000  0.888512  1.330396  1.757928  1.797774  0.000000  0.000000  0.000000  0.000000  0.000000
 1.000000  3.750548  0.000000  4.528490  5.122451  0.000000  0.000000  0.410000  0.750000  1.069081  1.421477  1.450027  0.000000  0.000000  0.000000  0.000000  0.000000

age(Gyr)= 0.525000  4 points
 0.700000  3.640580  0.000000  4.670988  7.590000  0.000000  0.000000  0.740000  1.370124  3.623489  3.960849  3.987567  0.000000  0.000000  0.000000  0.000000  0.000000
 0.800000  3.683422  0.000000  4.627841  6.568407  0.000000  0.000000  0.608407  1.068407  1.250277  1.886358  1.971544  0.000000  0.000000  0.000000  0.000000  0.000000
 0.900000  3.719358  0.000000  4.578676  5.778382  0.000000  0.000000  0.498382  0.890000  0.990456  1.503831  1.558475  0.000000  0.000000  0.000000  0.000000  0.000000
 1.000000  3.750837  0.000000  4.525895  5.119476  0.000000  0.000000  0.420000  0.759476  0.775475  1.182412  1.218503  0.000000  0.000000  0.000000  0.000000  0.000000

age(Gyr)= 0.652000  4 points
 0.700000  3.640481  0.000000  4.669977  7.590000  0.000000  0.000000  0.740115  1.380000  3.634683  3.971753  3.998413  0.000000  0.000000  0.000000  0.000000  0.000000
 0.800000  3.683517  0.000000  4.626785  6.560000  0.000000  0.000000  0.601075  1.061075  1.215406  1.856640  1.943492  0.000000  0.000000  0.000000  0.000000  0.000000
 0.900000  3.719542  0.000000  4.576782  5.768908  0.000000  0.000000  0.490000  0.890000  0.964200  1.474197  1.531143  0.000000  0.000000  0.000000  0.000000  0.000000
 1.000000  3.751219  0.000000  4.523870  5.109130  0.000000  0.000000  0.419565  0.749565  0.760807  1.168735  1.215187  0.000000  0.000000  0.000000  0.000000  0.000000

age(Gyr)= 0.810000  4 points
 0.700000  3.640482  0.000000  4.667994  7.589938  0.000000  0.000000  0.749938  1.379938  3.652265  3.987706  4.014027  0.000000  0.000000  0.000000  0.000000  0.000000
 0.800000  3.683666  0.000000  4.625123  6.560000  0.000000  0.000000  0.609385  1.069385  1.668130  2.199109  2.259206  0.000000  0.000000  0.000000  0.000000  0.000000
 0.900000  3.719886  0.000000  4.575120  5.760598  0.000000  0.000000  0.490000  0.890000  1.363832  1.781775  1.829801  0.000000  0.000000  0.000000  0.000000  0.000000
 1.000000  3.751605  0.000000  4.520884  5.089710  0.000000  0.000000  0.410000  0.740290  0.735334  1.144389  1.191151  0.000000  0.000000  0.000000  0.000000  0.000000

age(Gyr)= 1.000000  4 points
 0.700000  3.640567  0.000000  4.667137  7.581372  0.000000  0.000000  0.741372  1.371372  2.381029  3.001941  3.083420  0.000000  0.000000  0.000000  0.000000  0.000000
 0.800000  3.684015  0.000000  4.624062  6.550622  0.000000  0.000000  0.610000  1.070000  1.667757  2.198835  2.258954  0.000000  0.000000  0.000000  0.000000  0.000000
 0.900000  3.720144  0.000000  4.572181  5.750605  0.000000  0.000000  0.490000  0.880605  1.363503  1.781522  1.829556  0.000000  0.000000  0.000000  0.000000  0.000000
 1.000000  3.752132  0.000000  4.517458  5.081144  0.000000  0.000000  0.410000  0.748856  1.112449  1.454733  1.483109  0.000000  0.000000  0.000000  0.000000  0.000000

age(Gyr)= 1.286000  4 points
 0.700000  3.640781  0.000000  4.664993  7.569935  0.000000  0.000000  0.740000  1.370000  3.641850  3.977384  4.003723  0.000000  0.000000  0.000000  0.000000  0.000000
 0.800000  3.684428  0.000000  4.621881  6.538813  0.000000  0.000000  0.609407  1.069407  1.177630  1.835687  1.924090  0.000000  0.000000  0.000000  0.000000  0.000000
 0.900000  3.720865  0.000000  4.569759  5.728796  0.000000  0.000000  0.490000  0.879398  0.920650  1.436072  1.493543  0.000000  0.000000  0.000000  0.000000  0.000000
 1.000000  3.752916  0.000000  4.512865  5.059326  0.000000  0.000000  0.410000  0.749775  0.732250  1.141569  1.188471  0.000000  0.000000  0.000000  0.000000  0.000000

age(Gyr)= 1.600000  4 points
 0.700000  3.641077  0.000000  4.664003  7.560026  0.000000  0.000000  0.740000  1.370000  2.169790  2.835531  2.925678  0.000000  0.000000  0.000000  0.000000  0.000000
 0.800000  3.684914  0.000000  4.620080  6.520797  0.000000  0.000000  0.600398  1.060398  1.660339  2.188191  2.247591  0.000000  0.000000  0.000000  0.000000  0.000000
 0.900000  3.721534  0.000000  4.566156  5.710779  0.000000  0.000000  0.490000  0.870390  1.353855  1.769489  1.817292  0.000000  0.000000  0.000000  0.000000  0.000000
 1.000000  3.753902  0.000000  4.506928  5.029691  0.000000  0.000000  0.410000  0.740000  0.697211  1.107616  1.154891  0.000000  0.000000  0.000000  0.000000  0.000000

age(Gyr)= 2.000000  4 points
 0.700000  3.641462  0.000000  4.662062  7.550310  0.000000  0.000000  0.740000  1.370000  2.214403  2.859668  2.948318  0.000000  0.000000  0.000000  0.000000  0.000000
 0.800000  3.685523  0.000000  4.617188  6.510627  0.000000  0.000000  0.600000  1.060000  1.647527  2.177990  2.238126  0.000000  0.000000  0.000000  0.000000  0.000000
 0.900000  3.722413  0.000000  4.561310  5.691239  0.000000  0.000000  0.490000  0.870000  1.343108  1.760995  1.798977  0.000000  0.000000  0.000000  0.000000  0.000000
 1.000000  3.755089  0.000000  4.500131  5.000561  0.000000  0.000000  0.410000  0.740000  1.133509  1.457797  1.494449  0.000000  0.000000  0.000000  0.000000  0.000000

age(Gyr)= 2.520000  4 points
 0.700000  3.642069  0.000000  4.659999  7.529993  0.000000  0.000000  0.740000  1.359997  3.670981  3.993732  4.030403  0.000000  0.000000  0.000000  0.000000  0.000000
 0.800000  3.686435  0.000000  4.614076  6.480760  0.000000  0.000000  0.590253  1.050253  1.659365  2.174072  2.233004  0.000000  0.000000  0.000000  0.000000  0.000000
 0.900000  3.723671  0.000000  4.556124  5.660741  0.000000  0.000000  0.480247  0.870000  1.351697  1.765173  1.802356  0.000000  0.000000  0.000000  0.000000  0.000000
 1.000000  3.756729  0.000000  4.489889  4.949523  0.000000  0.000000  0.399921  0.729921  0.657230  1.067443  1.104096  0.000000  0.000000  0.000000  0.000000  0.000000

age(Gyr)= 3.190000  4 points
 0.700000  3.642866  0.000000  4.657983  7.509884  0.000000  0.000000  0.740000  1.350000  3.723241  4.036827  4.073791  0.000000  0.000000  0.000000  0.000000  0.000000
 0.800000  3.687661  0.000000  4.609858  6.458864  0.000000  0.000000  0.599716  1.049716  1.122355  1.773523  1.862923  0.000000  0.000000  0.000000  0.000000  0.000000
 0.900000  3.725235  0.000000  4.547712  5.618561  0.000000  0.000000  0.480000  0.859712  0.867829  1.364632  1.422132  0.000000  0.000000  0.000000  0.000000  0.000000
 1.000000  3.758867  0.000000  4.475773  4.889045  0.000000  0.000000  0.390000  0.719881  0.670674  1.058659  1.095183  0.000000  0.000000  0.000000  0.000000  0.000000

age(Gyr)= 4.000000  4 points
 0.700000  3.643934  0.000000  4.655033  7.490221  0.000000  0.000000  0.740000  1.350000  2.155148  2.806927  2.896529  0.000000  0.000000  0.000000  0.000000  0.000000
 0.800000  3.689149  0.000000  4.604936  6.419546  0.000000  0.000000  0.589909  1.039818  1.071989  1.726158  1.816082  0.000000  0.000000  0.000000  0.000000  0.000000
 0.900000  3.727242  0.000000  4.537878  5.569249  0.000000  0.000000  0.479812  0.849812  0.839190  1.337732  1.385016  0.000000  0.000000  0.000000  0.000000  0.000000
 1.000000  3.761389  0.000000  4.457093  4.810393  0.000000  0.000000  0.390000  0.710049  1.091636  1.403240  1.429213  0.000000  0.000000  0.000000  0.000000  0.000000

age(Gyr)= 5.000000  4 points
 0.700000  3.645197  0.000000  4.652068  7.450912  0.000000  0.000000  0.730228  1.330456  2.155587  2.803012  2.881370  0.000000  0.000000  0.000000  0.000000  0.000000
 0.800000  3.691014  0.000000  4.598242  6.371731  0.000000  0.000000  0.580346  1.020692  1.615734  2.120806  2.169305  0.000000  0.000000  0.000000  0.000000  0.000000
 0.900000  3.729880  0.000000  4.525446  5.492746  0.000000  0.000000  0.460686  0.830686  1.300015  1.682062  1.719083  0.000000  0.000000  0.000000  0.000000  0.000000
 1.000000  3.764420  0.000000  4.429499  4.711782  0.000000  0.000000  0.390000  0.700178  1.076498  1.378112  1.404223  0.000000  0.000000  0.000000  0.000000  0.000000

age(Gyr)= 6.320000  4 points
 0.700000  3.646891  0.000000  4.648007  7.410072  0.000000  0.000000  0.730000  1.320018  2.101933  2.745537  2.825021  0.000000  0.000000  0.000000  0.000000  0.000000
 0.800000  3.693435  0.000000  4.589107  6.310712  0.000000  0.000000  0.570119  1.010119  1.598190  2.099590  2.147357  0.000000  0.000000  0.000000  0.000000  0.000000
 0.900000  3.733557  0.000000  4.506221  5.401046  0.000000  0.000000  0.460000  0.820116  1.280721  1.660003  1.696780  0.000000  0.000000  0.000000  0.000000  0.000000
 1.000000  3.768194  0.000000  4.382873  4.549670  0.000000  0.000000  0.379983  0.689983  0.437575  0.815295  0.851930  0.000000  0.000000  0.000000  0.000000  0.000000

age(Gyr)= 7.970000  3 points
 0.700000  3.649140  0.000000  4.642000  7.360004  0.000000  0.000000  0.730000  1.310001  2.079963  2.713116  2.792693  0.000000  0.000000  0.000000  0.000000  0.000000
 0.800000  3.696743  0.000000  4.576847  6.229013  0.000000  0.000000  0.559820  0.999731  0.955169  1.586853  1.666146  0.000000  0.000000  0.000000  0.000000  0.000000
 0.900000  3.738449  0.000000  4.477571  5.268082  0.000000  0.000000  0.439909  0.799726  0.702311  1.167747  1.215034  0.000000  0.000000  0.000000  0.000000  0.000000

age(Gyr)= 10.000000  3 points
 0.700000  3.651820  0.000000  4.635102  7.291016  0.000000  0.000000  0.720145  1.290290  2.061137  2.690130  2.769088  0.000000  0.000000  0.000000  0.000000  0.000000
 0.800000  3.700854  0.000000  4.560092  6.120598  0.000000  0.000000  0.540109  0.970163  1.544549  2.012003  2.059563  0.000000  0.000000  0.000000  0.000000  0.000000
 0.900000  3.745350  0.000000  4.431249  5.061111  0.000000  0.000000  0.430053  0.770159  1.206817  1.552190  1.588899  0.000000  0.000000  0.000000  0.000000  0.000000
